22.783420000000003, -102.49594
22.782989846717, -102.49608003879072
22.782551675647426, -102.49618958235074
22.782113504503073, -102.49629912520705
22.781675333283946, -102.49640866735963
22.781240412326255, -102.49653153328934
22.780809626418346, -102.49667135012162
22.780378840388636, -102.49681116607088
22.779942192525976, -102.49692695187647
22.779508173315797, -102.4970544246138
22.779074272834286, -102.49718240975729
22.778640372250717, -102.49731039408674
22.778204453053007, -102.49742994150867
22.77776792631573, -102.49754694941093
22.777331399493143, -102.49766395656454
22.776894872585263, -102.49778096296949
22.776476039392918, -102.49793655002638
22.77604537982857, -102.49807413061022
22.775605786843343, -102.49817611554168
22.775168949406275, -102.49829174918574
22.77473225879353, -102.49840800675612
22.774297722333333, -102.49853342362516
22.77386318577514, -102.49865883969554
22.77342864911897, -102.49878425496726
22.772994112364817, -102.49890966944038
22.772559575512688, -102.49903508311488
22.7721269390575, -102.4991676872362
22.771697122087545, -102.49931095953102
22.77127036367022, -102.49946441522663
22.77084519692074, -102.49962317013411
22.77042003001427, -102.49978192405261
22.769994862950828, -102.49994067698213
22.76956969573041, -102.50009942892271
22.769145327150966, -102.50026058054368
22.7687246596064, -102.50043285456799
22.76830399187699, -102.50060512753056
22.767879398840932, -102.5007654400432
22.767452971054638, -102.50092016177584
22.767026742255034, -102.5010754859879
22.76660662445949, -102.5012493280165
22.766181260404263, -102.50140695320995
22.765753416784275, -102.50155690968538
22.765330740771994, -102.50172299698379
22.76490473019724, -102.50187906170804
22.764478719470816, -102.5020351254584
22.76405270859272, -102.50219118823492
22.763626697562945, -102.50234725003756
22.76320310552266, -102.50251079948701
22.76278042600438, -102.50267717321465
22.762354439105142, -102.50283291056272
22.76192517333297, -102.5029781031963
22.76150149647061, -102.5031413654616
22.761077528725615, -102.50330362291236
22.760646334442352, -102.5034419305273
22.760229925771704, -102.50362503417918
22.759976885504805, -102.50336506842655
22.759789519289143, -102.502921787858
22.759565517049676, -102.50251192731763
22.75937349822086, -102.50207099572584
22.759168486033328, -102.50163702024156
22.758962490321622, -102.50120357192888
22.758761424392464, -102.50076743793869
22.758563650678102, -102.50032951057595
22.758374839705816, -102.49988709872382
22.758179265362312, -102.49944852969175
22.757964932603798, -102.49901986464774
22.757769739308653, -102.49858074356753
22.757579621741705, -102.49813884996907
22.75740696147592, -102.49769441936266
22.757203478834153, -102.49725968636815
22.757012094340073, -102.49681843819931
22.75681681743638, -102.49637923615181
22.756616038329664, -102.49594292623976
22.756415258037784, -102.49550661761042
22.756053235798852, -102.49561982483797
22.755656867265866, -102.49585008303887
22.755260498402805, -102.4960803399035
22.75486412920969, -102.49631059543182
22.754467759686523, -102.49654084962393
22.75407138983332, -102.49677110247985
22.754135875279385, -102.49714516283126
22.75432928764355, -102.49758509531942
22.754520484796174, -102.49802636597016
22.754724242144768, -102.4984610425673
22.75492799831712, -102.49889572046116
22.755131753313233, -102.49933039965175
22.75533550713308, -102.49976508013907
22.755531144922397, -102.50020409331388
22.755724514444648, -102.50064431781031
22.755929949444997, -102.50107694789021
22.756130478334196, -102.50151339090868
22.756331006037534, -102.5019498352086
22.756524975273074, -102.50238971474369
22.75672886346066, -102.50282305532119
22.756955963245442, -102.50324063965607
22.757160737673136, -102.50367476159728
22.75736129862239, -102.50411112814687
22.757552903932154, -102.50455226473616
22.75774362316132, -102.50499383790888
22.7579235398107, -102.50544072643176
22.757940812418717, -102.5058641956807
22.757659584591377, -102.50624468053884
22.757364418272655, -102.50661207499036
22.757070747996, -102.50698114514549
22.7567821599484, -102.5073550902349
22.756491605250037, -102.50772720998619
22.75619559286391, -102.50809426555472
22.75600010483664, -102.50852023588094
22.756195332197066, -102.50895949658458
22.75637592571724, -102.50940580037492
22.756545312048672, -102.50985749807354
22.756664885153636, -102.51032667592774
22.756763076174956, -102.5108023024184
22.75669533221432, -102.51119330153966
22.75670527597657, -102.5116804663357
22.75668209080963, -102.51216735563374
22.75664262855374, -102.51265309255255
22.756603164828967, -102.51313882919068
22.756563699635297, -102.51362456554811
22.756524232972744, -102.51411030162485
22.756484764841307, -102.51459603742092
22.756445295240994, -102.51508177293623
22.7563982951819, -102.51556667550389
22.75634653023087, -102.51605105091072
22.75629476381919, -102.5165354259504
22.756250731219207, -102.5170206919124
22.756207481127, -102.51750604789697
22.756144989014288, -102.51798883680412
22.756078471361235, -102.51847108842513
22.75604216456443, -102.51895558835248
22.756047297109156, -102.51944317271156
22.75607858516699, -102.51992868079672
22.75616194327982, -102.5204076902476
22.75625065018427, -102.52088572435606
22.756325251101647, -102.52136651374506
22.756395915520105, -102.5218480721731
22.756466578494845, -102.52232963109938
22.75653724002586, -102.5228111905239
22.75654828002422, -102.52329834659595
22.756469671886194, -102.5237761484758
22.75625418923788, -102.52420230577856
22.755962660800368, -102.5245700563272
22.755594896826963, -102.5248488788203
22.75520725923479, -102.52509599800204
22.754843517759003, -102.52537646522575
22.754539906823084, -102.52573512956229
22.75430913066765, -102.52615103211195
22.75418748270784, -102.52661789939378
22.75417677955569, -102.52710474389302
22.75426527351644, -102.5275802505432
22.75442758464772, -102.52803480806423
22.754647880198615, -102.52845980025388
22.754877483004115, -102.52887816790623
22.75507660319061, -102.52931536534749
22.755274666830694, -102.52975306708642
22.755424015554286, -102.53021265325351
22.755554818090985, -102.53067918096218
22.755687372717674, -102.53114509562525
22.755832856447476, -102.5316064838568
22.755978338851996, -102.53206787307118
22.756111968222303, -102.53253338113967
22.756240840373966, -102.53300054252739
22.75636129491408, -102.53347002333767
22.756418836687143, -102.53395254607528
22.756431817860282, -102.5344391024864
22.756409559887043, -102.53492609648795
22.756403614248136, -102.53541367127639
22.756429985363887, -102.53589847844738
22.7565435619351, -102.5363682198254
22.75675368334508, -102.53679807726571
22.757022128509497, -102.5371883093584
22.757309697924693, -102.53756317678223
22.75758839055616, -102.53794570579853
22.757857816044055, -102.53833595679536
22.758100163100785, -102.53874652599191
22.75832258152543, -102.53917031980934
22.758544998831866, -102.53959411500708
22.758767415020074, -102.54001791158511
22.75898293360954, -102.54044586470812
22.759197267255466, -102.54087453242549
22.759414122607655, -102.54130168811945
22.75963508056753, -102.5417263834916
22.75985603740438, -102.542151080238
22.760076993118183, -102.54257577835862
22.76031903198203, -102.54298663907404
22.760564075944895, -102.54339545545004
22.760847148876167, -102.54377433592757
22.761130220913614, -102.54415321797582
22.761421622975835, -102.54452452630707
22.76171629353213, -102.54489286341567
22.762010963243625, -102.5452612021139
22.76227929882319, -102.54565060420964
22.762516756086256, -102.54606470397911
22.762754212281525, -102.54647880518881
22.762991222188802, -102.5468931572999
22.763165272644155, -102.54734278684046
22.76332120038188, -102.54779988480563
22.76346639747796, -102.54826140499863
22.763546059192276, -102.54873895507272
22.76354401378074, -102.54922507406881
22.763479911307353, -102.54970773632007
22.763415807383282, -102.55019039811812
22.763376689522588, -102.5506752283086
22.76336918895747, -102.55116280275365
22.763361686911985, -102.55165037714512
22.763367713190288, -102.55213791157605
22.763377662237364, -102.55262543448919
22.763410334464776, -102.55311159548904
22.763482731178197, -102.55359244570768
22.763588983282947, -102.55406593184975
22.763721673276287, -102.55453138180859
22.763877241083385, -102.55498891190734
22.764032807586897, -102.55544644304868
22.76418837278683, -102.55590397523257
22.764343936683158, -102.556361508459
22.76449949927587, -102.55681904272804
22.764655060564955, -102.55727657803962
22.764810620550403, -102.55773411439377
22.764966179232193, -102.55819165179048
22.765121736610315, -102.55864919022976
22.765277292684754, -102.55910672971162
22.765441308730484, -102.55956066008791
22.76561492996774, -102.56001049281892
22.765788549944833, -102.56046032669398
22.76596216866175, -102.56091016171314
22.766148162677396, -102.5613540199682
22.76637374362942, -102.56177524979928
22.76662204817354, -102.56218181059617
22.766870351688258, -102.56258837287193
22.767118654173544, -102.56299493662658
22.767336405144803, -102.56341895513819
22.767466315408804, -102.56388581665847
22.76759622431534, -102.56435267906727
22.76773329410113, -102.56481709123278
22.76787400266557, -102.56528025858447
22.76794421222227, -102.56576028515357
22.76799227826826, -102.56624354308867
22.76812212496496, -102.56671030683322
22.76826965936552, -102.56717097064154
22.768417192444378, -102.56763163544555
22.768564724201532, -102.56809230124529
22.768752797563312, -102.56853496355524
22.76894555251619, -102.56897554753498
22.76912399602498, -102.56942303992173
22.76929680473888, -102.56987325262023
22.769434856104127, -102.57033561127368
22.76944416953734, -102.57082078020967
22.76932511520227, -102.57128884110662
22.769131503445465, -102.57172698766216
22.768899150226677, -102.57214449888076
22.768666795922197, -102.57256200867808
22.76841494100594, -102.57296560719213
22.76812470025555, -102.57333633587854
22.767779147302317, -102.57364672870061
22.76738877715382, -102.57388875837405
22.766990125534885, -102.57411408256628
22.766599017319077, -102.5743532842183
22.766237520848136, -102.5746424792076
22.765926396585513, -102.57499167449636
22.76568364371376, -102.57539906906456
22.765582864127182, -102.5758710077075
22.76557824868562, -102.57635761230914
22.765568502285156, -102.57684514789428
22.765558754404445, -102.57733268340978
22.765549005043486, -102.57782021885568
22.765539254202285, -102.57830775423191
22.765529501880838, -102.5787952895385
22.765519748079154, -102.57928282477546
22.76551002626139, -102.57977035889927
22.76555329776541, -102.58025535362634
22.76569332229175, -102.58071331027483
22.766015869246203, -102.5810298415535
22.7664357555, -102.58120433951959
22.76684179631459, -102.5814095381718
22.767226585620946, -102.58166185919978
22.767601644593558, -102.58192977784215
22.768018129094532, -102.58210828892172
22.7684638772439, -102.58215754086645
22.76891336885655, -102.58217089209731
22.769362861513823, -102.58217579819684
22.769800057096493, -102.58208527425347
22.7702276444552, -102.581934360803
22.770661623743983, -102.58196289569217
22.77091300432567, -102.58235351934161
22.77095207057814, -102.58283829783869
22.770995425979454, -102.5833224021994
22.77122100826185, -102.5837392099026
22.771602317456335, -102.5839871342612
22.77204072077359, -102.58408328333623
22.77248729785014, -102.58414029318759
22.772915568754257, -102.5842677842151
22.773295842198493, -102.5845213158365
22.773639207017077, -102.5848311488524
22.773904056645794, -102.58521831041698
22.77384882383975, -102.58565078412774
22.773471583318067, -102.58548273412235
22.773135583026743, -102.58516454055453
22.77286381550621, -102.58481381543157
22.77246643837976, -102.58460519106043
22.772020305497403, -102.58454628816725
22.77161089468005, -102.58437070296199
22.771223881268348, -102.58413794184119
22.770928324826887, -102.58377331970435
22.77072999977563, -102.58333646972805
22.77051326747849, -102.58291017342162
22.770202926631125, -102.58256204673219
22.76981028166575, -102.5823412675717
22.769364776698826, -102.58228857623303
22.768915134903178, -102.5822841679711
22.768465558514485, -102.58227804467793
22.768017981072486, -102.58223224763039
22.767591491659324, -102.58208766100158
22.76720902256619, -102.58183130949377
22.766845835372788, -102.58154378604597
22.76645849220453, -102.58129841880655
22.766036589154577, -102.58113315528965
22.76566446352535, -102.58088600309702
22.765459507574597, -102.5804554071084
22.765388732637742, -102.5799746521599
22.765370000069172, -102.57948755309725
22.765406837584177, -102.57900266758762
22.765425334775045, -102.57851604914674
22.76543210829204, -102.57802845484424
22.765438880328436, -102.57754086049336
22.765445650884235, -102.57705326609411
22.765445749444734, -102.5765657128465
22.76543385968449, -102.57607823367691
22.76546220844578, -102.5755930273292
22.765623235422378, -102.57514018363183
22.765902765293173, -102.57475978007726
22.766230062350715, -102.57442709538948
22.76661255064229, -102.57417239005548
22.767001148200098, -102.57392725385762
22.767401577078317, -102.57370655536315
22.76779569999156, -102.57347449324597
22.768138615485377, -102.57316192665984
22.76840125059398, -102.57276676438873
22.76864710112498, -102.57235849813225
22.76887523199301, -102.57193825794431
22.769093098785305, -102.57151193139347
22.769256113293032, -102.57105839663365
22.76931141661671, -102.57058124820983
22.769238242463555, -102.570101212101
22.769060848394815, -102.56965403121598
22.768875683694766, -102.56920963451535
22.7686905177647, -102.56876523902032
22.768513842162196, -102.56831696198162
22.768349737008965, -102.56786293767372
22.76819671201822, -102.56740451710941
22.76805187469549, -102.56694284798877
22.76792088915018, -102.5664767936127
22.767818275086338, -102.56600240075349
22.767784387746083, -102.5655163263382
22.76767693953714, -102.56504354293517
22.767545928919372, -102.56457707722257
22.767406088080826, -102.56411360199553
22.76726624590445, -102.56365012771799
22.76705937965666, -102.56322127409464
22.7668068670856, -102.56281777181322
22.766554353500556, -102.56241427102441
22.76630183890154, -102.56201077172824
22.766070114784043, -102.56159326263511
22.76587094875163, -102.56115654400284
22.765695725672103, -102.5607076251383
22.765531142677023, -102.5602538136794
22.76536655839941, -102.55980000331459
22.76520197283927, -102.5593461940439
22.76503738599662, -102.55889238586727
22.76487279787147, -102.55843857878476
22.764709793874324, -102.55798411125615
22.7645543354202, -102.55752658953091
22.764412005302862, -102.55706401653161
22.76425508820179, -102.5566071165057
22.764093938529427, -102.55615186298346
22.763932787566432, -102.55569661053583
22.763771635312807, -102.55524135916282
22.763610481768566, -102.55478610886439
22.763458163243797, -102.55432732220902
22.76334912082538, -102.55385530922806
22.76327932453616, -102.55337452414524
22.763247940661483, -102.55288807141847
22.763226490455533, -102.55240114411681
22.76321829658915, -102.55191358333242
22.76321010124249, -102.55142602260653
22.763228748049436, -102.55093881121006
22.763255619782154, -102.55045215086824
22.76323878688472, -102.54997514720193
22.762970689866428, -102.5496092529285
22.76256518358222, -102.54940888766355
22.76238326788308, -102.54896954150628
22.762232133806187, -102.54851063896882
22.762400416662867, -102.54821366209649
22.76282119722549, -102.54804293429383
22.762982025093848, -102.5476441441277
22.76282053587174, -102.54719459815503
22.76258954315377, -102.54677662737929
22.762348086206448, -102.5463652564344
22.76209932998223, -102.54595918235387
22.761840823608416, -102.54556018350233
22.761567894370454, -102.54517298186991
22.761269459100546, -102.54480822718227
22.760979351255607, -102.54443580054676
22.760695623103913, -102.5440574965149
22.76041706351858, -102.54367475572329
22.760156011209023, -102.54327801664391
22.759904925185833, -102.54287348915628
22.75966491185218, -102.54246146586102
22.759440014564024, -102.54203920914928
22.759219333382127, -102.54161444439363
22.759047927001813, -102.54116605299596
22.758832220139475, -102.5407381965512
22.758616512137362, -102.54031034145797
22.7584008029955, -102.53988248771621
22.75818509271391, -102.53945463532595
22.7579693812926, -102.53902678428717
22.757734129537067, -102.53861215149398
22.757474662179693, -102.53821389962826
22.757191644056366, -102.53783534686872
22.75707625743964, -102.53753681521741
22.756806288646587, -102.53714686028039
22.756548568767563, -102.53674761442333
22.75633694000433, -102.53631826998115
22.756248472021532, -102.53584146954208
22.756234587358275, -102.53535520848565
22.756241266763528, -102.53486764547081
22.756247944688834, -102.53438008240829
22.756227179291198, -102.5338933905866
22.75616297206543, -102.53341209387315
22.75606003441642, -102.5329375889323
22.755931220142127, -102.5324704093921
22.75580240450907, -102.53200323073304
22.755673587517258, -102.53153605295512
22.755544769166697, -102.53106887605834
22.755415949457408, -102.53060170004271
22.755279129082947, -102.53013738709176
22.755108279986683, -102.52968645646486
22.75491373912614, -102.52924747567346
22.754699411470252, -102.52881881787727
22.754485082670488, -102.5283901614262
22.75427806735526, -102.52795785718922
22.754119029974092, -102.52750199721778
22.754074188620304, -102.52701727970036
22.754094569576953, -102.526531633438
22.754224012858284, -102.5260667640468
22.754451128916877, -102.5256461994326
22.75474784595418, -102.5252821540487
22.755119949524918, -102.52500888496279
22.755507299075166, -102.52476123538389
22.75587473938634, -102.52448170509848
22.75617190693658, -102.52412327670136
22.75637271662791, -102.52369013556111
22.756450183728212, -102.52321215338287
22.756413392521893, -102.5227287412728
22.756345569311804, -102.52224670259385
22.756277744655126, -102.52176466439359
22.75620991855185, -102.52128262667205
22.756127567841073, -102.52080346827843
22.756042381855078, -102.52032492492413
22.75597940686501, -102.5198421146653
22.75594000029966, -102.51935750614138
22.755940000083207, -102.51886989039043
22.755958948850598, -102.5183829264163
22.756003676505717, -102.51789772881439
22.75604840269523, -102.51741253089473
22.756093127419135, -102.51692733265733
22.75613785067743, -102.51644213410222
22.75618257247011, -102.5159569352294
22.756227292797163, -102.51547173603885
22.7562720116586, -102.51498653653059
22.7563167290544, -102.51450133670465
22.756361444984574, -102.51401613656104
22.75640615944911, -102.51353093609973
22.756450872448006, -102.51304573532074
22.756495583981255, -102.51256053422412
22.756540294048857, -102.51207533280986
22.75653909816612, -102.51158842255104
22.75651352026118, -102.51110190479794
22.756383765764433, -102.51073635990619
22.756312237146805, -102.51025506703223
22.756181788139102, -102.50978927404341
22.756014340066898, -102.50933759229827
22.755801966969777, -102.50890778859845
22.75570636284221, -102.5084893584781
22.75598596055452, -102.50810746890818
22.75628103860266, -102.50773972492651
22.756580715098288, -102.50737618229161
22.756866432377766, -102.5069998420421
22.757166838637914, -102.50663955522114
22.757452447912637, -102.50626292928823
22.75773805630424, -102.50588630178021
22.7578822923324, -102.50549159710536
22.757685292108366, -102.50505326276276
22.757488290688112, -102.50461492968459
22.75729128807164, -102.5041765978709
22.757094284258972, -102.50373826732161
22.756897279250122, -102.50329993803678
22.756710000000467, -102.50285736966917
22.756538241607434, -102.5024121572249
22.756341879942948, -102.5019735021439
22.75614135230393, -102.5015370577745
22.75594082347904, -102.50110061468654
22.755735000185542, -102.5006681897319
22.755541630728708, -102.5002279651679
22.75534655598018, -102.49978865142923
22.755142802224125, -102.49935397087158
22.754939047291792, -102.49891929161068
22.754735291183223, -102.4984846136465
22.75453153389841, -102.49804993697904
22.754339486750958, -102.49760911258345
22.754147961799024, -102.49716812727986
22.754049896026945, -102.4967835882755
22.754446265898046, -102.49655333549204
22.754842635439108, -102.49632308137238
22.75523900465012, -102.49609282591649
22.755635373531085, -102.49586256912436
22.756031742081976, -102.49563231099593
22.756404370367562, -102.49548295810537
22.75660515072371, -102.49591926666515
22.756805929894696, -102.49635557650765
22.75700171617143, -102.49679451083843
22.757193100731243, -102.49723575894022
22.757395652354557, -102.49767099332429
22.75763274807165, -102.4980773157655
22.75784062597459, -102.49850970183392
22.758037036427886, -102.49894832513199
22.758232267197307, -102.49938759060466
22.758427496765385, -102.49982685733312
22.758622725132103, -102.50026612531737
22.758819394192905, -102.50070462314828
22.759022037282435, -102.5011399255357
22.759224679192172, -102.50157522921486
22.759427319922096, -102.50201053418581
22.75962413387545, -102.50244874791035
22.759774701070558, -102.5029054898425
22.759966869375955, -102.50334634614146
22.760278077869376, -102.50347498683978
22.760702138482312, -102.50331302472927
22.761130969727315, -102.50316719781318
22.7615485928098, -102.50298680425188
22.761973598536187, -102.50282755386453
22.762398604104654, -102.5026683024859
22.762823609515195, -102.50250905011595
22.763248614767814, -102.50234979675464
22.763673619862498, -102.50219054240199
22.764098624799253, -102.50203128705792
22.764523629578065, -102.50187203072242
22.764948634198934, -102.50171277339552
22.765373638661856, -102.50155351507715
22.765798642966814, -102.50139425576724
22.766225821661195, -102.50124199655296
22.766653059915413, -102.5010899286072
22.76707951056504, -102.50093536577162
22.76750302270898, -102.50077149601005
22.76792653468567, -102.50060762523174
22.768350046495115, -102.50044375343666
22.768773558137312, -102.50027988062479
22.769199253202345, -102.50012296583989
22.769627024801114, -102.49997266842182
22.77005479625919, -102.49982237006174
22.77048219578946, -102.49967091993409
22.77090295860578, -102.49949892415707
22.771329292675123, -102.49934389504729
22.771755626594764, -102.49918886496906
22.77218196036469, -102.49903383392234
22.772610085700748, -102.49888586219974
22.773043839013095, -102.49875811850373
22.773475696307187, -102.49862225309099
22.773914058907618, -102.49851550282739
22.774354118754612, -102.49841602448402
22.774789012006476, -102.49829207078096
22.775223905162626, -102.49816811628789
22.77565879822306, -102.49804416100478
22.77609369118777, -102.49792020493159
22.77653380834399, -102.49783163214659
22.776967433646114, -102.49776151380064
22.77740396053981, -102.49764450727123
22.777840487348215, -102.4975274999932
22.77827701407132, -102.4974104919665
22.778712496755762, -102.4972891201328
22.779146397322364, -102.49716113566804
22.779580297786907, -102.49703315038924
22.780015026837965, -102.4969087433345
22.78045044718283, -102.4967879254278
22.780881233192293, -102.49664810933174
22.781312019079955, -102.49650829235271
22.781748167667324, -102.49639045892224
22.782186338874016, -102.49628091665267
22.782624510005938, -102.4961713736794
22.78306268106309, -102.49606183000243
