22.78676, -102.57227
22.78632830947456, -102.57222180755956
22.78589442813244, -102.57234185736169
22.78545668815007, -102.57244905566101
22.78501009325336, -102.57250398138895
22.784567026402907, -102.57258524780197
22.784235003097113, -102.5722958869483
22.783918800154627, -102.5719574923431
22.78350474032061, -102.57177712180442
22.783064390610452, -102.57170428807682
22.78264148876118, -102.57153855603045
22.782213526607062, -102.57148941257755
22.781979860427835, -102.57114560905644
22.78163769107277, -102.57094615419162
22.781231299365693, -102.5711342177081
22.78079378001805, -102.5712036236586
22.78034519782689, -102.57120510557866
22.779903080370772, -102.57128865312737
22.779467212456282, -102.57140851681318
22.779028389596117, -102.57151419317142
22.77860255573058, -102.57163659236043
22.778175100154378, -102.57178404542377
22.777783851609016, -102.57202072554621
22.777395274220638, -102.57226614282126
22.777023871122434, -102.57254046061016
22.776655270266293, -102.57281956725222
22.77627130381974, -102.57307337583838
22.77614329628587, -102.57345206669454
22.775837374559373, -102.57380555512918
22.77548931365782, -102.5741143192751
22.775156172558525, -102.57444056127196
22.774837291063402, -102.57478342805638
22.77448690825201, -102.5750890852501
22.774136524858616, -102.57539474087432
22.77378614088324, -102.57570039492904
22.773435756325892, -102.57600604741434
22.773085371186582, -102.57631169833022
22.77285880366607, -102.57661480528013
22.773109784852974, -102.57701944766048
22.773366360378297, -102.57741976598365
22.773637184434143, -102.57780907011751
22.77390800754588, -102.57819837579642
22.774178829713502, -102.57858768302043
22.774449650936983, -102.57897699178955
22.774720471216302, -102.57936630210376
22.774971050229336, -102.57977121042542
22.77522089009368, -102.580176689006
22.775486459218275, -102.58056971692314
22.775751202958965, -102.58096255953996
22.775937554650802, -102.58134922473113
22.77554101344344, -102.58145840845619
22.775142489976545, -102.58140136865747
22.7749645178123, -102.5818486396303
22.774806841435083, -102.58230535712771
22.774628372563434, -102.58275260641614
22.774438182405955, -102.58319451784385
22.774230434363847, -102.58362693885022
22.77403235344149, -102.58406466672217
22.773861826696447, -102.58451298218422
22.773764597098808, -102.58497006309722
22.773944936426638, -102.58540366423445
22.773683800538187, -102.58566612533393
22.773337612795075, -102.58535734088912
22.77308315766579, -102.58498105180172
22.77272444127764, -102.5846989728832
22.772293730932628, -102.58475811020372
22.771858672247607, -102.58488137689876
22.771423063506976, -102.58500000000002
22.77098902812413, -102.58494945016156
22.770773814111354, -102.58466892961448
22.7706981370825, -102.58419041806816
22.770701522346048, -102.58370499561333
22.770612116318684, -102.58324054626033
22.77038317455273, -102.58282081972457
22.77009162190085, -102.58246792813259
22.769672379316226, -102.58230910344791
22.76922368346201, -102.58228719296002
22.768774041666315, -102.58228278470722
22.76832484184451, -102.58226678733934
22.76787979764543, -102.58220171708248
22.767471288027433, -102.5820075251055
22.76709505800093, -102.5817410872583
22.766731246217, -102.58145461305108
22.766330949179906, -102.58123350538123
22.765902369277647, -102.58108618463537
22.765586138228816, -102.58075872450874
22.765427164515643, -102.58030660706339
22.765381092970806, -102.57982185694033
22.76537000003681, -102.57933453343543
22.765420685865433, -102.5788506410557
22.765427460398424, -102.57836304678638
22.76543423345082, -102.57787545246869
22.76544100502262, -102.57738785810264
22.765447775113817, -102.57690026368822
22.76544201871256, -102.57641274659937
22.76543012848793, -102.57592526745643
22.765501247683904, -102.57544625710321
22.765702386560612, -102.57501380142745
22.76599770613577, -102.57464658122007
22.76634551693034, -102.57433913002315
22.76673648402527, -102.5740992854191
22.767122293981945, -102.5738488313727
22.767529287748033, -102.57364149512553
22.767913044697647, -102.57338951940288
22.76822574552768, -102.57304179219845
22.768478846774446, -102.57263895899546
22.76871868649837, -102.57222663098615
22.768946817021252, -102.5718063903575
22.769150500763022, -102.57137202495532
22.769295049601208, -102.57091148522338
22.769300892086644, -102.57042828731632
22.769187773465003, -102.56995865475993
22.76900260960811, -102.5695142572329
22.76881744452119, -102.56906986091147
22.76863227820425, -102.56862546579562
22.768462227134343, -102.56817415988804
22.7682981215773, -102.56772013592348
22.76815115720862, -102.56725931054353
22.768006319468377, -102.56679764173103
22.767887248868806, -102.56632781493707
22.767808710870955, -102.56584937121626
22.76769358065244, -102.56539424558852
22.7674743743984, -102.56496874736938
22.767246556105164, -102.56455263679362
22.76684791594578, -102.5643362494796
22.76671983423186, -102.56389165800012
22.766918736527472, -102.56346703718599
22.767190233092155, -102.5630783027811
22.767554448197437, -102.56310647902092
22.767665038750543, -102.56357868977703
22.767738354694036, -102.56405982180411
22.767814074344493, -102.5645401857914
22.767993025550403, -102.56498756293252
22.768138379258094, -102.56544781799916
22.76830096996694, -102.56589955185687
22.768537518906744, -102.56631384515113
22.768709242120945, -102.56676168654661
22.76881140227945, -102.5672352402965
22.76883844556284, -102.56772201932226
22.76894775109009, -102.56819435361535
22.769145436172746, -102.56863042119427
22.769382802997423, -102.56904448447638
22.7696356893432, -102.56944768059394
22.769922727803042, -102.56982288490593
22.770221835604442, -102.570187014249
22.770520942579985, -102.57055114518786
22.7708252895313, -102.57090985231294
22.771134721979063, -102.57126208296239
22.77148201331519, -102.57157129426939
22.771868825572493, -102.57181995922952
22.772266474626402, -102.57204752097557
22.772665073324234, -102.57227323405785
22.773037168276918, -102.57254542133178
22.773389183439008, -102.57282877536505
22.773827925158383, -102.5728858621634
22.77427739004292, -102.57287677764542
22.77467244320657, -102.57267935007982
22.775028388907497, -102.57238134882715
22.775373032589847, -102.57246582526372
22.775738645859715, -102.57251067755207
22.776152872041987, -102.57232092166744
22.776567097999926, -102.57213116463079
22.77698132373354, -102.57194140644208
22.777397396397397, -102.571756695175
22.777818870823197, -102.57158674578808
22.778255435918517, -102.57161920841659
22.778703247295546, -102.57158422372743
22.779144294912104, -102.5714892289005
22.779581035173422, -102.5713739902107
22.780001729296377, -102.57122740610137
22.780283672783536, -102.57084799229149
22.7806467686217, -102.57056079063382
22.781008753114797, -102.57027184603949
22.781342520875636, -102.56994503207287
22.78168304835056, -102.57003336737782
22.78179923601219, -102.57039747491581
22.78213321707926, -102.5707240343243
22.78247278640205, -102.57092862933025
22.782903426289497, -102.57082139861802
22.783343333504707, -102.57090698416059
22.78378129935921, -102.57101365939526
22.7842259367832, -102.57106554592427
22.784675474513335, -102.57105416522131
22.785105969434174, -102.5709386644788
22.78552547159171, -102.57076305879798
22.78594176923915, -102.5705788650265
22.78635578379133, -102.57038855240631
22.7867697981178, -102.57019823863077
22.78719160370542, -102.57003044637293
22.78761707419936, -102.5698730234729
22.78803578766209, -102.56969521383876
22.788419683445486, -102.56973904212823
22.7888067189949, -102.56998732890567
22.78914213404865, -102.57030426807432
22.789285803556762, -102.57076026705455
22.78926327389352, -102.57124678342807
22.789214441264697, -102.57173163352266
22.789165607170702, -102.57221648327001
22.789111669045628, -102.57270060938322
22.78903213743529, -102.57317870225938
22.788728003726543, -102.57352870285247
22.78829659150348, -102.57362
22.787853810206936, -102.57353758581479
22.787411461227673, -102.57344999213038
22.787037117571813, -102.57322906223254
22.786912930862787, -102.57280394970184
22.786872726625646, -102.57234636212229