22.694820000000004, -102.52449000000001
22.69525391315363, -102.52436767927746
22.695679745430766, -102.5242111230592
22.696123350208424, -102.52413473425304
22.696556555813288, -102.5241218526347
22.69671483493931, -102.52457724014106
22.6969471314875, -102.52498496844017
22.697277138358736, -102.52530206965123
22.697528139441246, -102.52570627184897
22.697823390766963, -102.525854599526
22.698186753653843, -102.52556748223013
22.69855011602853, -102.52528036341101
22.69891347789101, -102.52499324306864
22.699276839241268, -102.52470612120295
22.69964020007929, -102.52441899781395
22.69997267902553, -102.52410392586087
22.699900479228603, -102.52362569205683
22.699854764614003, -102.52314394241048
22.699961376031926, -102.52267724802967
22.700239418344665, -102.52229833373504
22.7005943507393, -102.52199907717018
22.70095905811344, -102.52171420133105
22.701327907992184, -102.52143541937772
22.70169323405661, -102.52115136352587
22.70205258013479, -102.52085835832852
22.7024032561827, -102.5205535495698
22.702747172960443, -102.52023953847325
22.70310903059768, -102.5199516558377
22.703519489369143, -102.51976280283785
22.703963283905527, -102.51969541829435
22.704407075063965, -102.51977262986071
22.7048445743838, -102.51988462238094
22.705287075450144, -102.51997124860736
22.705733684746797, -102.51998926306231
22.7061614332263, -102.51984465881038
22.706584048958128, -102.51967865039668
22.707018655205914, -102.51955512275934
22.707462383991672, -102.51947645141256
22.70790635291732, -102.51939914380321
22.708350321805813, -102.51932183569248
22.708794290657163, -102.51924452708039
22.70923935319423, -102.5191757239853
22.70968759190286, -102.5191536679263
22.710137210087744, -102.51916032878535
22.710586828272348, -102.51916698968815
22.711036446456678, -102.51917365063468
22.71148606464073, -102.51918031162501
22.711935682824507, -102.51918697265906
22.712385301008005, -102.51919363373686
22.71283491919123, -102.51920029485844
22.71328453737418, -102.51920695602375
22.713732352181893, -102.51917768642514
22.71417715077622, -102.51910698256182
22.714620645396906, -102.51902653543479
22.71506413997735, -102.51894608778642
22.715507634517564, -102.51886563961672
22.715951129017544, -102.51878519092566
22.716398681726844, -102.51874867229492
22.716848084492906, -102.5187321804531
22.71728325978672, -102.51865992049325
22.717732543742347, -102.51864476387051
22.718179333868957, -102.51858977436424
22.718621835456048, -102.51850594677343
22.71906192887174, -102.51840592545012
22.719503747358846, -102.51831558287854
22.719946532721092, -102.51823066496118
22.719930359316585, -102.51774733546776
22.71982358024993, -102.51727401973339
22.719707052113264, -102.51680331922893
22.71956828427071, -102.51633962716944
22.71942951509128, -102.51587593605042
22.71928810698683, -102.51541322030381
22.71913682393654, -102.51495415325996
22.718990279513736, -102.51449336026025
22.718855122336787, -102.51402841884577
22.718963459330322, -102.51368438572553
22.719267507018664, -102.51390997192965
22.719372174103942, -102.51437652190268
22.719089631793338, -102.51460803044634
22.7191600946522, -102.5150247677107
22.719311377500933, -102.51548383491068
22.719450860902587, -102.51594726178959
22.719589629876385, -102.51641095305327
22.71972839751329, -102.51687464525742
22.71984082692369, -102.5173466373724
22.719940272686053, -102.51782145220257
22.72002100311011, -102.51821312809238
22.72046023631555, -102.51810875618047
22.720899469453254, -102.51800438359845
22.721342126599502, -102.51791903379883
22.721786205712093, -102.51784317259327
22.722233667978507, -102.5177960730181
22.722681873019184, -102.51775688593193
22.723130078050314, -102.51771769858901
22.72357828307189, -102.51767851098933
22.724025815761703, -102.51763170216358
22.724471264659392, -102.51756660919092
22.724904557860608, -102.51744272108533
22.725310589141856, -102.5172333878501
22.72571235336124, -102.51701445089915
22.72611411728252, -102.51679551266224
22.726515880905687, -102.51657657313928
22.726917644230742, -102.51635763233026
22.72732409451157, -102.51614913563294
22.72775219651331, -102.51600743886834
22.72820037796405, -102.5159718034895
22.728649748074382, -102.5159542955503
22.72909923974381, -102.51594118875472
22.729548770933388, -102.51592951278663
22.729998302122116, -102.51591783674178
22.73044783331, -102.51590616062019
22.730897364497036, -102.51589448442182
22.731346895683227, -102.51588280814669
22.73179642686857, -102.5158711317948
22.731791432161728, -102.51543288702702
22.73174594638326, -102.51494791411562
22.731705955665017, -102.51446231663165
22.73168272916146, -102.51397549784015
22.731642500821902, -102.5134899987721
22.731599173673775, -102.51300473824783
22.731562859545647, -102.5125188493982
22.731532111989466, -102.51203246178316
22.731501362961716, -102.51154607438684
22.731470612462402, -102.51105968720925
22.731842000863857, -102.51128307786465
22.732237242561002, -102.51149476835558
22.73266597723759, -102.51164176295875
22.733093563078416, -102.51179231793772
22.73329698920818, -102.51218840558678
22.733355061181552, -102.51266885907171
22.733436334179682, -102.51314836484974
22.73351760574749, -102.51362787119776
22.733540000150295, -102.51411319459783
22.733520550240517, -102.51460009586617
22.733436489483914, -102.51507895238984
22.73335124268509, -102.5155576463424
22.7332659944608, -102.51603633969813
22.7336476704846, -102.51623960571318
22.73405931792436, -102.51643563285522
22.734469445212603, -102.51663552660031
22.73487957225227, -102.51683542154449
22.735296312010806, -102.51701840518926
22.73570761566409, -102.51721543166188
22.736121967326646, -102.51740398782827
22.73655054139835, -102.51754648656792
22.73699507170387, -102.51761656653692
22.737430289062413, -102.51765475754686
22.73787759969528, -102.51760901547239
22.73831934435889, -102.51760140924745
22.73876289676732, -102.5176814952072
22.739208082538717, -102.51774998489304
22.739531154822178, -102.51792383639861
22.73949643345268, -102.51840993784758
22.739712223457467, -102.51869048318788
22.740153109631848, -102.5187863281624
22.740597068277612, -102.51886363222006
22.741041127090433, -102.51894031410573
22.741476632379275, -102.51906168427415
22.74191458487781, -102.51917181852399
22.742354155855512, -102.51927452194559
22.742700267855604, -102.51943892862388
22.74307399487552, -102.51932291233962
22.7434947083046, -102.51915080247758
22.743915421549335, -102.51897869155597
22.74434132352953, -102.51882256929078
22.74476873013933, -102.51867108305342
22.74521576172416, -102.51862870622482
22.745664342445867, -102.51859494199778
22.74558864594515, -102.51820633120528
22.745301300794804, -102.51783167213209
22.744995600832954, -102.51747434741353
22.744708735009795, -102.51709930588896
22.74443273068319, -102.51671445929074
22.74433553154704, -102.5163643782037
22.744760751447064, -102.51620582159852
22.745175928150406, -102.51601961696832
22.74559603829851, -102.51584578048077
22.746016148258548, -102.51567194292447
22.746436258030517, -102.51549810429935
22.74685636761441, -102.51532426460544
22.74727647701022, -102.51515042384267
22.747689279872297, -102.51495733207867
22.74808742585152, -102.5147929734617
22.748236159632405, -102.51525311592586
22.748384892095498, -102.51571325939169
22.748523071693974, -102.51617723790184
22.748660056962347, -102.51664165083487
22.748797040888327, -102.51710606469904
22.749197559938054, -102.51701480516442
22.74962561536811, -102.51686548310833
22.749560296299272, -102.51642946624044
22.749437900317027, -102.51596028417573
22.74960510602979, -102.51551770454137
22.749808507170904, -102.51508284745758
22.749994935154522, -102.51463953242997
22.750205988666224, -102.51420898334527
22.75052438209538, -102.51389794890763
22.750861501058488, -102.51357527873401
22.751197266399956, -102.51325102954192
22.751519714097547, -102.51291124450421
22.75186157989428, -102.51259552567902
22.75217990804442, -102.51226341002618
22.752515050541074, -102.51193929571839
22.75285681331117, -102.511622486221
22.753181094663496, -102.51128469358682
22.753517509100018, -102.51096160488171
22.753852272420247, -102.51063628733989
22.75418184896428, -102.5103045733493
22.75451142482332, -102.5099728577581
22.754840999997363, -102.5096411405663
22.755170522089433, -102.50930936603532
22.75544110012683, -102.50892445990367
22.75568543591582, -102.50851597681498
22.75596771319975, -102.50813670603077
22.756264064393793, -102.50776997270586
22.75656041475053, -102.50740323778963
22.756846370859993, -102.50702706842776
22.757146425887058, -102.50666647290923
22.7574320352249, -102.5062898470889
22.75771764367962, -102.50591321969344
22.75789637204585, -102.5055229252502
22.757699371907314, -102.50508459081722
22.757502370572556, -102.50464625764869
22.757305368041578, -102.50420792574461
22.757108364314405, -102.50376959510496
22.756911359391044, -102.50333126572976
22.75672010043567, -102.50289030128573
22.756552154199113, -102.5024435727402
22.75635621176388, -102.50200469521153
22.756155684209617, -102.50156825075052
22.755955155469476, -102.50113180757097
22.7560631206184, -102.5008218957572
22.756470423923535, -102.50061529239056
22.756869854890144, -102.50039151174305
22.757272232226384, -102.50017404027852
22.75767768762554, -102.49996320409069
22.75808314274795, -102.49975236665111
22.758169730914684, -102.4994294607403
22.757955398105267, -102.4990007957561
22.757761282061686, -102.49856108615371
22.75757116444065, -102.49811919260999
22.757397684115684, -102.49767520197176
22.75719496522856, -102.49724005766576
22.757003580680568, -102.49679880955193
22.75680788591616, -102.49635982712401
22.75660710675672, -102.49592351726902
22.756406326412122, -102.49548720869673
22.756310512332707, -102.49501307397072
22.756211789019307, -102.49453735733623
22.75631079105491, -102.49418509601547
22.756739690730548, -102.49403864254592
22.75716533792443, -102.49388186498584
22.757584913002542, -102.49370670575982
22.75800098482233, -102.49352178517718
22.758302921712787, -102.49326777041354
22.758237052272378, -102.49278558117645
22.758190335726184, -102.49230059609496
22.758143617715554, -102.49181561134526
22.75809689824051, -102.49133062692734
22.75805017730104, -102.49084564284121
22.758369276758927, -102.49060596016196
22.75879025377334, -102.49043459057354
22.759211230604908, -102.49026321992869
22.759632207253624, -102.49009184822737
22.760053183719478, -102.48992047546955
22.760480900111205, -102.48977296608417
22.760911620935172, -102.4896379104338
22.76132466106298, -102.48944515831823
22.761373922509353, -102.48901231421814
22.76138691265708, -102.48852758270715
22.761307412057178, -102.48804843613334
22.76120867487033, -102.4875727025631
22.761105667527584, -102.48709807027805
22.760996406998284, -102.48662505060797
22.76088714507579, -102.48615203169481
22.760777881760113, -102.48567901353856
22.76066861705127, -102.48520599613921
22.760559350949254, -102.48473297949683
22.760450083454092, -102.48425996361138
22.76032236721406, -102.48379473437994
22.760203592266446, -102.48332675107845
22.76010181363839, -102.48285177574833
22.760000033605642, -102.48237680112618
22.759898252168206, -102.48190182721198
22.759796469326098, -102.48142685400578
22.75968137901894, -102.48095551288934
22.759563718690078, -102.48048487358798
22.75949177491131, -102.48000419835209
22.75947230446161, -102.47951752021207
22.759488028074568, -102.4790304351547
22.759543617472282, -102.47858280145425
22.7599819229048, -102.4786866061722
22.760403967976874, -102.47884909144322
22.760791044622007, -102.47909667424294
22.76116369313262, -102.47936957516099
22.761536341179507, -102.47964247756843
22.76190898876265, -102.47991538146528
22.762281635882037, -102.4801882868516
22.762654282537664, -102.48046119372744
22.763026928729502, -102.4807341020928
22.76339588202497, -102.48101078370209
22.763732408271245, -102.48132180344014
22.76410224206375, -102.48159917680755
22.76447207537714, -102.48187655167754
22.764841908211416, -102.48215392805018
22.76521208702147, -102.48243075555264
22.765584988586287, -102.48270325847793
22.76595788968865, -102.48297576289175
22.766330790328553, -102.48324826879418
22.76673302933038, -102.48324034327344
22.767152745247397, -102.48306536308907
22.767572460973728, -102.4828903818288
22.767992176509367, -102.48271539949258
22.768411891854303, -102.4825404160804
22.768831607008533, -102.48236543159221
22.76925132197205, -102.482190446028
22.76967103674485, -102.48201545938771
22.7700648062644, -102.48179688194256
22.77043419716009, -102.48203709856256
22.770404583170702, -102.482484679973
22.770332820009397, -102.48296609667527
22.770261055404532, -102.48344751287134
22.770268085067414, -102.48391584649985
22.77046936078839, -102.48435193085479
22.77067063532487, -102.48478801649578
22.770871908676817, -102.48522410342285
22.771073180844237, -102.48566019163601
22.7712744518271, -102.48609628113527
22.771475721625404, -102.48653237192063
22.771676990239133, -102.4869684639921
22.771878257668263, -102.4874045573497
22.772249201793127, -102.48718685140307
22.772630658180546, -102.48692863669332
22.773012114152632, -102.48667042054021
22.773393569709384, -102.4864122029437
22.773775024850785, -102.48615398390376
22.77411390355121, -102.48604292388104
22.773748291158267, -102.48631389474825
22.773361030845628, -102.48656174149615
22.772974571084003, -102.4868110117981
22.7725940192921, -102.48707079240124
22.77221346707983, -102.4873305715557
22.77183291444719, -102.48759034926154
22.771452361394196, -102.48785012551878
22.771083581062896, -102.48812881504246
22.770758881077263, -102.48839741490114
22.770428665384365, -102.4887271631387
22.77013151947826, -102.48909296974648
22.769814742953614, -102.48943907791343
22.769501534042767, -102.48978893234215
22.769192714470897, -102.49014339612476
22.76888389411646, -102.49049785830357
22.768575072979484, -102.4908523188786
22.76826625105998, -102.49120677784987
22.76795742835796, -102.4915612352174
22.767648604873436, -102.49191569098124
22.767345864080127, -102.49227624886228
22.767043991591297, -102.49263767715335
22.76674211828892, -102.49299910384605
22.766440244173005, -102.4933605289404
22.7661386371093, -102.49372218062678
22.76583431283727, -102.49407882489743
22.765543971788286, -102.49445067184153
22.765307938687336, -102.49486450915333
22.765108211459196, -102.49530141359268
22.764885661385645, -102.49572373270345
22.76463001543073, -102.49612490131861
22.7643743684736, -102.4965260684315
22.76401049120983, -102.49679422935299
22.76360463085967, -102.49700415702635
22.76319646958904, -102.49720868229888
22.762785968533446, -102.49740771391923
22.76237546723117, -102.4976067443429
22.76196649337214, -102.4978093405125
22.76156144313938, -102.49802109719118
22.76115639262741, -102.49823285261364
22.760751341836237, -102.49844460677996
22.760346290765863, -102.49865635969013
22.7599412394163, -102.4988681113442
22.759536187787564, -102.49907986174219
22.759131135879645, -102.49929161088416
22.75872608369256, -102.49950335877008
22.758321031226316, -102.49971510540007
22.75791597848091, -102.49992685077407
22.757510925456362, -102.50013859489216
22.757105872152675, -102.50035033775437
22.756704244982455, -102.50056958356869
22.75630340725556, -102.50079055771545
22.755892663040115, -102.50098874245687
22.756086145340518, -102.5014252761771
22.756283564728502, -102.5018633835637
22.756480982921556, -102.5023014922167
22.756680778325908, -102.50273830971969
22.75691389482293, -102.50315145503778
22.75711866949168, -102.50358557671159
22.757321935621366, -102.5040205024513
22.757513541180035, -102.50446163878632
22.75770514552713, -102.50490277635903
22.757886578346383, -102.50534891882593
22.757998586953754, -102.50578602975736
22.757717359311588, -102.50616651493738
22.757427503254323, -102.50653889642686
22.75713003459762, -102.50690432273203
22.756841446728863, -102.50727826814607
22.756552417090617, -102.507651802935
22.756256404876822, -102.50801885883037
22.755953392897133, -102.50837888191238
22.755643581117077, -102.5087318920695
22.755359805316743, -102.50911011681
22.75503619582784, -102.5094446750139
22.754706621059505, -102.5097763931537
22.75437704560616, -102.51010810969288
22.75404746946781, -102.51043982463145
22.753717892644488, -102.51077153796945
22.753376634411246, -102.51108884646601
22.753052893772033, -102.51142689188353
22.75271471019786, -102.51174824198876
22.752380345949035, -102.51207407936704
22.752043138747123, -102.51239498429872
22.7517195764255, -102.51272042441309
22.751389019513844, -102.51305098335433
22.75105846192204, -102.51338154069607
22.75072790365009, -102.51371209643831
22.75040846319069, -102.51404012636678
22.750165820521683, -102.5144444584898
22.74996908102819, -102.51488290575392
22.74976043947734, -102.51531477397056
22.74952786968677, -102.5157272701111
22.749494955665202, -102.51617899440444
22.749617351008744, -102.51664817686097
22.749426076330476, -102.51693509005568
22.74899802083572, -102.51708441167563
22.748660000001067, -102.51721601873096
22.748554289244122, -102.51674513679318
22.748425933422055, -102.51627783456529
22.748297576240866, -102.51581053321532
22.748169217700557, -102.51534323274326
22.748040857801147, -102.5148759331491
22.747675357311877, -102.51496460589293
22.747262046381984, -102.5151563952383
22.746841936979706, -102.51533023596434
22.746421827389355, -102.51550407562156
22.746001717610923, -102.51567791420996
22.745581607644414, -102.51585175172956
22.745161497489846, -102.51602558818038
22.744746590645473, -102.51621263853889
22.74439583814653, -102.51640552421108
22.744641802331465, -102.51681287043263
22.7449245433297, -102.51719199808889
22.745207283433423, -102.51757112731383
22.745492637079145, -102.51794779023386
22.745736424326907, -102.51834657610291
22.745897168662495, -102.51878646082478
22.7460166718552, -102.51919733126559
22.745802461923677, -102.51883403128699
22.745518242629004, -102.51860470542779
22.745069501801044, -102.5186358679505
22.744629641961637, -102.51872038035262
22.744202235305362, -102.51887186628166
22.74377851155508, -102.51903470062625
22.74335779825035, -102.51920681120306
22.74293708476129, -102.51937892072033
22.742650680030486, -102.51934380362414
22.742211109097067, -102.51924109975691
22.741771538098003, -102.51913839655026
22.741334908694743, -102.51902218747333
22.7408966348528, -102.51891528173813
22.740452553834263, -102.51883871596633
22.740009634876433, -102.51875513787884
22.739568748683453, -102.5186592931055
22.739507732766768, -102.51825174899601
22.739508525256344, -102.51779525720595
22.739063145435317, -102.51772814506825
22.738618554354538, -102.51765543328963
22.738175001933122, -102.51757534749898
22.737732759012893, -102.51762984723868
22.737285047261558, -102.51767518518677
22.736838137683268, -102.51767166836987
22.736395171966418, -102.51759444889841
22.73597426213049, -102.51742853485136
22.73555833644733, -102.51724325793569
22.735142410550612, -102.51705798214721
22.734729139358038, -102.5168660419459
22.734319576988185, -102.51666479080775
22.73391001436638, -102.51646354087516
22.733496301744175, -102.51627277254993
22.733273263999354, -102.51597586466626
22.733359693764918, -102.51549742041642
22.733446122106493, -102.51501897556179
22.73352392571338, -102.51453933831208
22.733540000179737, -102.51405232690986
22.73350745926399, -102.51356800594135
22.73342618751761, -102.51308849966448
22.73334491434091, -102.5126089939576
22.733283712679235, -102.51212926464144
22.73304116041484, -102.51177048350576
22.73261245074186, -102.51162341098235
22.732183716048496, -102.51147641649425
22.7318035581727, -102.51123872092576
22.73147445166939, -102.5111204114778
22.731505201984977, -102.51160679868269
22.731535950829, -102.51209318610631
22.731566698201462, -102.51257957374865
22.731604583045026, -102.51306532185153
22.73164791001028, -102.51355058241418
22.73168526275136, -102.51403630268436
22.73171094849106, -102.51452294230523
22.73175093902618, -102.51500853982465
22.731801179736504, -102.51549289915455
22.7318542961705, -102.5159701239984
22.731404726365078, -102.51597989738647
22.730955156559062, -102.51598967071031
22.730505586752447, -102.5159994439699
22.730056016945245, -102.5160092171652
22.729606447137446, -102.51601899029629
22.729157018040617, -102.51603449585862
22.72870760515477, -102.51605066180568
22.728258192267305, -102.51606682764651
22.727809674063863, -102.51609805216167
22.727375948870126, -102.51621488561533
22.72697414079064, -102.51643373059682
22.72657233241329, -102.51665257429264
22.72617052373808, -102.51687141670278
22.725768714765024, -102.5170902578273
22.725366905494134, -102.51730909766626
22.724961285119477, -102.51751935748013
22.724531322788486, -102.51765964725679
22.724085543940596, -102.51772349380965
22.7236382597036, -102.5177718119949
22.72318992204982, -102.51780917379146
22.722741584387364, -102.51784653534315
22.722293246716227, -102.51788389664999
22.721844909036403, -102.517921257712
22.72139995988397, -102.51798950704674
22.72096033424557, -102.51809145301326
22.72052137823946, -102.51819718707769
22.720082422163838, -102.51830292046374
22.71994380428552, -102.5179697745557
22.719874952038325, -102.51749032265558
22.719762830742177, -102.51701823334766
22.719631865365134, -102.51655208241071
22.71949309679823, -102.51608839086079
22.719354326894454, -102.51562470025132
22.71920613927065, -102.51516448939302
22.719054855510397, -102.51470542289913
22.718917049090077, -102.51424144652172
22.718781891184893, -102.51377650560487
22.719150816757118, -102.51373063417613
22.71930215353412, -102.51416646023526
22.71928470161007, -102.51453616265559
22.71909077913537, -102.51481443171922
22.71924206258448, -102.51527349845412
22.71938727900921, -102.51573480711039
22.719526048595544, -102.51619849794318
22.719664816844997, -102.51666218971643
22.719789454942063, -102.51713033455815
22.71990157590915, -102.51760242404978
22.7199465594974, -102.51808549368567
22.719751705548678, -102.51837342469479
22.719309429217137, -102.51846140503656
22.71886715283747, -102.51854938480963
22.71842487640967, -102.51863736401401
22.717981284848843, -102.51871569700215
22.71753339877184, -102.51875000000001
22.71708981941684, -102.51872040319437
22.71664045900122, -102.51873819971678
22.716191098583632, -102.51875599612232
22.715746284363238, -102.51882234925219
22.71530278984467, -102.51890279770247
22.714859295285873, -102.51898324563138
22.71441580068684, -102.51906369303892
22.713972306047577, -102.51914413992517
22.7135262129786, -102.51920517161756
22.713076864260998, -102.51920387930791
22.71262724607792, -102.5191972181628
22.712177627894565, -102.51919055706144
22.71172800971093, -102.51918389600382
22.711278391527028, -102.51917723498998
22.71082877334285, -102.5191705740199
22.710379155158396, -102.51916391309355
22.709929536973668, -102.51915725221097
22.70947991878866, -102.51915059137212
22.70903319573677, -102.51920292615867
22.70858922690541, -102.51928023504057
22.7081452580369, -102.51935754342108
22.707701289131247, -102.51943485130022
22.70725732018845, -102.51951215867801
22.70681587313685, -102.51960379045758
22.706387765155323, -102.519751899693
22.705967161581544, -102.51992427818652
22.70552689831356, -102.52000000000001
22.705082678174126, -102.51993130935612
22.70464195558769, -102.5198356465482
22.704202568341174, -102.51973437153885
22.70375818916805, -102.51972006694636
22.70332125275414, -102.51982764578734
22.70293526544343, -102.5200749729721
22.702588322103463, -102.52038457653575
22.702244405042723, -102.52069858690386
22.701886602663716, -102.52099369401941
22.701526390445004, -102.52128540276117
22.70115754082613, -102.52156418552251
22.700788690724323, -102.52184296678229
22.700430411897255, -102.52213730029258
22.700099913020754, -102.52246327708055
22.69988328630309, -102.5228835685079
22.699853373766093, -102.52336842572005
22.699940911789177, -102.52384651629295
22.699835728799716, -102.52426449255934
22.699472368237334, -102.52455161676808
22.69910900716272, -102.52483873945347
22.698745645575876, -102.52512586061553
22.69838228347682, -102.52541298025432
22.698018920865564, -102.52570009836988
22.69766575868349, -102.52592199990224
22.69741001398292, -102.52552110241028
22.697146804225838, -102.52513311270847
22.69681553002134, -102.52481572884919
22.696631382476845, -102.52437127482507
22.696363615799914, -102.52410690312274
22.695917826780626, -102.52416718533284
22.69548305875412, -102.52428343457338
22.695057226406643, -102.52443999034212
