22.761400000000002, -102.48862000000001
22.761449678125594, -102.48910465023936
22.761499354788608, -102.48958930083133
22.76154902998905, -102.4900739517759
22.761598703726914, -102.49055860307305
22.761648376002185, -102.4910432547228
22.761698046814864, -102.49152790672514
22.761747716164955, -102.49201255908002
22.76180373934117, -102.49249635558965
22.76186493261656, -102.49297945579154
22.761926124438702, -102.49346255642641
22.761987314807588, -102.49394565749424
22.762048503723204, -102.49442875899501
22.76210969118556, -102.49491186092872
22.762170877194638, -102.49539496329538
22.762232061750428, -102.49587806609497
22.762293244852934, -102.49636116932749
22.76235442650215, -102.4968442729929
22.76241560669807, -102.49732737709122
22.762659690686238, -102.49736162513344
22.763069350838848, -102.49716056639834
22.763479010739722, -102.49695950645683
22.763888670388866, -102.49675844530888
22.76425537718438, -102.49649281826677
22.764527639555872, -102.49610612439899
22.764782752585692, -102.49570455728849
22.76501382802118, -102.49528717150226
22.76522446037831, -102.49485633260497
22.76545991012554, -102.4944423557471
22.765744839215213, -102.49406691680214
22.766053957068713, -102.49371604297049
22.766343415905975, -102.49334312334074
22.76663077679092, -102.49296804231324
22.766918136799696, -102.49259295970678
22.767220449849297, -102.49223232410317
22.76753097388475, -102.49187962117891
22.767841497145433, -102.49152691665014
22.76815201963133, -102.49117421051683
22.76846254134243, -102.49082150277893
22.768773062278722, -102.49046879343643
22.769083582440192, -102.49011608248931
22.769394101826812, -102.48976336993752
22.769704620438578, -102.48941065578103
22.77001513827547, -102.48905794001982
22.770325655337473, -102.48870522265389
22.770636171624567, -102.48835250368316
22.77066738745414, -102.48791368793022
22.770492320690924, -102.48746449797557
22.770317252670942, -102.48701530917313
22.770142183394213, -102.48656612152293
22.7699687469708, -102.48611624069906
22.769815874451947, -102.48565762290544
22.769809734645694, -102.48517543990474
22.769897552698097, -102.48469722296745
22.769986093044526, -102.4842191044566
22.770085263985422, -102.48374420811002
22.770300418556065, -102.48402006665911
22.77050220784045, -102.48445587187261
22.770703995941847, -102.48489167837465
22.770905782860243, -102.48532748616522
22.77110756859562, -102.48576329524434
22.771309353147963, -102.48619910561203
22.771511136517255, -102.48663491726826
22.771712918703475, -102.48707073021306
22.77196345770359, -102.48737261693513
22.77234878263186, -102.4871237229198
22.77272844953564, -102.486862424281
22.77310811601411, -102.48660112418845
22.773487782067264, -102.48633982264214
22.773871748407043, -102.48608627319297
22.774282989991633, -102.48591774267784
22.774618880121235, -102.48560127259269
22.7749499314254, -102.48530693890704
22.77479549810332, -102.48546262928674
22.77449112277304, -102.48581549610637
22.774112287010595, -102.48606156949144
22.773741261133967, -102.48633311836336
22.77335378446607, -102.48658040571706
22.772970384616865, -102.4868352136778
22.772586984363212, -102.4870900202069
22.772203583705135, -102.48734482530446
22.77182090560883, -102.48760089459475
22.771439817538717, -102.48785974666626
22.771065424574992, -102.48812981730725
22.77098040158861, -102.48857000969356
22.771020805872023, -102.48905547304277
22.771056005270786, -102.48954164625765
22.771091203197283, -102.49002781972327
22.771126399651518, -102.49051399343965
22.77116453520085, -102.49099988503097
22.77117660300139, -102.49145649697513
22.770856719109016, -102.49179922976674
22.770543399051743, -102.49214898999597
22.770231493068056, -102.49250026356584
22.769919586315805, -102.49285153553038
22.769613404993613, -102.49320858926184
22.76931249982227, -102.49357097103892
22.769011593833007, -102.49393335121837
22.768661754571976, -102.49421869215456
22.76824536487403, -102.49434817169734
22.76785991186056, -102.49459930031757
22.767479143885414, -102.4948585585989
22.76710206901824, -102.49512422517398
22.766849873261652, -102.49543107300404
22.767026744458075, -102.49587941879571
22.767203614402593, -102.49632776574911
22.7673840384619, -102.49677443945872
22.767565382128563, -102.49722068067621
22.767746724555035, -102.49766692307925
22.767928065741295, -102.49811316666785
22.76810940568732, -102.49855941144199
22.768291792937024, -102.49900514597928
22.768479314989037, -102.4994483766451
22.76866683581749, -102.49989160852861
22.768852330057303, -102.50033582186137
22.769031285892666, -102.50078320022708
22.76921024048143, -102.50123057976573
22.769389193823592, -102.50167796047738
22.769568145919127, -102.50212534236204
22.769747096768036, -102.5025727254197
22.769926046370298, -102.50302010965035
22.770109381377818, -102.5034653742008
22.770296591939974, -102.50390876561427
22.77048380127762, -102.50435215824398
22.77066644534672, -102.50479775058427
22.770844263903793, -102.50524566794863
22.771022081211193, -102.50569358648004
22.77119989726891, -102.50614150617847
22.77137992961119, -102.50658820427098
22.771138899886537, -102.50687200499432
22.770723992567326, -102.50705882137106
22.77030796439053, -102.50724352296174
22.769895247463467, -102.50743710027153
22.769482530303005, -102.5076306764108
22.76906981290915, -102.5078242513795
22.76865709528192, -102.5080178251777
22.768241305510518, -102.50820082100103
22.767819335410092, -102.5083672058212
22.76740433317404, -102.50855494505305
22.766991072752063, -102.50874705615132
22.766580569663343, -102.50894608837146
22.766170066327916, -102.50914511939469
22.765746973336356, -102.5093101539037
22.765323563699017, -102.50947433280609
22.765024395931253, -102.50925540372272
22.76478054942299, -102.50884622855074
22.764450701865087, -102.50870464918455
22.764035448216333, -102.5088910106903
22.76362242476111, -102.50908273958767
22.76321696625393, -102.50929357792428
22.762820063458438, -102.50952226099248
22.762428024841682, -102.50976108907095
22.762042500095454, -102.51001156298996
22.761666031505, -102.51027822830913
22.761277894643836, -102.51052317904444
22.760851183096165, -102.51066160884096
22.760454359893156, -102.51089039221415
22.760042640569676, -102.51105442829031
22.759596835279314, -102.51099215185516
22.75916727272557, -102.51110954565243
22.758831301964292, -102.5110129289239
22.7585510548486, -102.5108062276885
22.758131312098424, -102.51098112113684
22.757711569157813, -102.51115601351022
22.757287805412975, -102.5113186229594
22.756860326900995, -102.51146988432794
22.756825021048122, -102.51192418374673
22.756936394132484, -102.51238278726763
22.757150726387383, -102.51281144937974
22.757365057498284, -102.5132401128372
22.75757077846307, -102.51367356270748
22.757766541880855, -102.51411254781853
22.757986057797755, -102.51453783108465
22.75821570265747, -102.51495704591458
22.75844874616646, -102.51537407175012
22.75861009925474, -102.51582520538922
22.75882352239744, -102.516254384769
22.75903939921337, -102.51668214037201
22.759256558365365, -102.51710911738998
22.759480287527087, -102.51753210265834
22.759704015574815, -102.51795508931255
22.75993100798337, -102.51837598005308
22.760165518390405, -102.51879204296134
22.76040002771958, -102.5192081072985
22.76063453597088, -102.51962417306459
22.76086565988606, -102.52004241791809
22.761090128439324, -102.52046494723707
22.760793552780193, -102.52064054658108
22.76037726338521, -102.52070136852102
22.760002110296668, -102.5209557794294
22.760075703040908, -102.52141710908822
22.760290447386147, -102.52184535531343
22.76036538480742, -102.52220580414644
22.759918750406783, -102.52225383928334
22.759469819683506, -102.52224271082065
22.759021731248318, -102.52220197555879
22.75857503264682, -102.52214620651941
22.75813355503911, -102.52206738331004
22.757715117669594, -102.52188884978075
22.75730061941155, -102.5217003094472
22.756891633851374, -102.52149832676913
22.756562923681244, -102.52174122900708
22.756571902533505, -102.52222124981665
22.756627009185735, -102.52270494647246
22.756656677376714, -102.52319150220993
22.756613495306027, -102.52367146557287
22.756437417687714, -102.52411601811362
22.756155099684666, -102.5244938809446
22.755829571854246, -102.52482513058824
22.755452879971113, -102.52509141269275
22.75506089751639, -102.5253297109282
22.75475106721685, -102.52566990457034
22.754462382752912, -102.52604263110864
22.75424458281848, -102.52645983867166
22.75420000003609, -102.5269446088866
22.754252923497084, -102.52742697602184
22.754408154196405, -102.52788225680911
22.754610692433356, -102.5283173698571
22.754821545615044, -102.52874804889078
22.75507713909862, -102.52913946190824
22.7553300717984, -102.52952127038108
22.75549681527456, -102.52997375657041
22.7556558254805, -102.53042986528295
22.75580571303992, -102.53088941946093
22.755942350200165, -102.53135397771966
22.756078986016842, -102.53181853690778
22.756215620489947, -102.53228309702531
22.75635225361946, -102.53274765807224
22.756492587807177, -102.53321091004175
22.75652021414842, -102.53368802986897
22.756533212231886, -102.53417544394911
22.756536524311468, -102.53466292494018
22.756529247972818, -102.53515047896144
22.756521970154267, -102.53563803293075
22.75661973066269, -102.53610835612074
22.75680716279676, -102.53655106301198
22.75707489361975, -102.53694171118111
22.757358068119018, -102.53732021222731
22.757644234429446, -102.53769547559773
22.757914412620135, -102.53808498449068
22.758193690918038, -102.53846715498459
22.758424664675182, -102.53888032023994
22.758562002308445, -102.53933950488678
22.75877066058579, -102.53977132069885
22.758988351303532, -102.54019798180154
22.75920801453859, -102.54062346496231
22.759427676646474, -102.54104894949178
22.75964733762716, -102.54147443538994
22.75986699748064, -102.5418999226568
22.76008665620689, -102.54232541129238
22.76035959765199, -102.54271079727857
22.760643818271802, -102.54308804924918
22.760948111393517, -102.54344534629713
22.76121269687325, -102.54383701685099
22.761466807927334, -102.54423923555213
22.761689428848577, -102.54465981511429
22.76195854933571, -102.54505047295291
22.762227318935967, -102.54544140600447
22.762484157387018, -102.54584167075019
22.76274099484044, -102.54624193700161
22.762996891080313, -102.54664285439544
22.763222891068324, -102.54706442915113
22.76344888994961, -102.54748600530232
22.763595786397065, -102.54794191439446
22.763634873903857, -102.5484277116769
22.76364287318415, -102.54891317524759
22.763594919891393, -102.54939803754917
22.763526961785214, -102.54987953817918
22.76341208936879, -102.55034148232546
22.763414229577368, -102.55082889610296
22.76339850892258, -102.55131624040274
22.76339657772557, -102.5518036076499
22.763410914021637, -102.55229100214446
22.763425248838427, -102.55277839674135
22.76343958217593, -102.55326579144057
22.763532534218314, -102.5537426692213
22.763643611603054, -102.55421487283519
22.763783260747978, -102.55467814449786
22.763937139988048, -102.55513634587876
22.76409101792071, -102.55559454829245
22.764244894545953, -102.55605275173889
22.76439876986376, -102.55651095621806
22.764552643874126, -102.55696916173002
22.76470651657703, -102.55742736827476
22.764860387972462, -102.55788557585225
22.765014258060415, -102.55834378446252
22.76517526136248, -102.55879907017368
22.765339281549775, -102.55925312003332
22.76550330045318, -102.55970717098387
22.765667318072694, -102.56016122302536
22.7658313344083, -102.56061527615776
22.765984699696254, -102.56107361717936
22.76616880767001, -102.56151744678586
22.76640387058966, -102.56193311731523
22.766649114547313, -102.56234185726416
22.766922042148863, -102.56272905792115
22.767179462227446, -102.56312886706557
22.76740068277727, -102.56355211039393
22.767541264483718, -102.56401505737215
22.767667520898442, -102.5644828922217
22.76781115010732, -102.56494500374792
22.76790834698698, -102.56542007934414
22.767973987918765, -102.56590166008144
22.76802772255855, -102.56638496878384
22.76819200468985, -102.56683846892716
22.768336152518692, -102.56730039226134
22.768480299018602, -102.56776231657105
22.768625809297962, -102.56822365165128
22.768814229638345, -102.56866643510816
22.769002648757624, -102.56910921978735
22.76919106665578, -102.56955200568886
22.769365993196985, -102.57000120408857
22.769461075690927, -102.57047549672373
22.76943344160956, -102.57095888541782
22.76930119769455, -102.57142263893992
22.769071724920025, -102.57184202023922
22.768825048761915, -102.572249656926
22.768575611799033, -102.5726554081652
22.76832617381078, -102.57306115792161
22.768060907698075, -102.57345482735519
22.76768598208781, -102.57371660423401
22.767293786473115, -102.57395502181322
22.766907484234835, -102.57420409231857
22.766512114101396, -102.57443617882069
22.76614612064146, -102.57471636708158
22.76587155184098, -102.5751007471438
22.7656825833008, -102.57553953514685
22.7656138921591, -102.57601913550549
22.765586732682635, -102.57650542451593
22.76557996454309, -102.57699301945848
22.76557319492293, -102.57748061435268
22.765566423822158, -102.57796820919852
22.765559651240785, -102.578455803996
22.765552877178813, -102.57894339874508
22.765546101636232, -102.57943099344578
22.765545874949595, -102.579918174126
22.765617216086905, -102.58039906995957
22.765801695749396, -102.58083485990758
22.7661798025997, -102.58107949390742
22.766598785101746, -102.5812565285562
22.766987642634422, -102.58149117271469
22.76736492457952, -102.5817562739045
22.76775401502282, -102.58199936657842
22.768185712452055, -102.58211969897305
22.76863422964399, -102.58214282911575
22.76908387213943, -102.58214715260122
22.769532755371852, -102.58216660380722
22.7699719243656, -102.58225359419451
22.7703429280388, -102.58251292764334
22.770655214096614, -102.58286203885537
22.770869266773065, -102.58328638649297
22.771068088607922, -102.58372379479769
22.771383680506734, -102.58406467831216
22.77180282992213, -102.58423220114558
22.77224712519851, -102.58429704311179
22.772690905487917, -102.58437272633965
22.773103682854657, -102.58455385864495
22.773452690763907, -102.58485695974049
22.773733551435065, -102.58523380291433
22.77391167061817, -102.58568090835688
22.773995946890377, -102.58615757405548
22.773951331064513, -102.58663877671079
22.77386049554227, -102.5871163564956
22.773787919580634, -102.58759635649886
22.77371345768402, -102.58807682941324
22.77365047402277, -102.58855970083334
22.773578852962483, -102.589041135275
22.77350550788706, -102.58952228266692
22.77343216136953, -102.59000342954168
22.773384685677403, -102.59048727302375
22.77337218575933, -102.5909747625909
22.773383185620904, -102.59146215347708
22.773414959884864, -102.59194838717055
22.77345847814447, -102.59243377613596
22.77350199493645, -102.59291916541092
22.773541917069696, -102.59340490699175
22.773579301711965, -102.59389089728153
22.773616684882946, -102.59437688783756
22.773655685679156, -102.59486272367826
22.77369736857739, -102.59534830293197
22.77373905000683, -102.59583388248227
22.773780729967463, -102.59631946232916
22.77382240845929, -102.59680504247264
22.77385785294002, -102.59729117017608
22.773888743906983, -102.59777769781877
22.773919633399387, -102.59826422568172
22.77396664027632, -102.59874922983397
22.774013839291126, -102.59923421601712
22.774061036840695, -102.59971920253572
22.774108232925034, -102.60020418938979
22.77415542754413, -102.60068917657928
22.774202620697988, -102.60117416410418
22.77424332088451, -102.60165983380156
22.774282816407624, -102.60214563016221
22.774325366108457, -102.60263109798582
22.77437308046395, -102.60311599685143
22.774405654459624, -102.6036023971977
22.774438226981488, -102.60408879777614
22.77447079802955, -102.60457519858679
22.774503367603796, -102.60506159962958
22.774541474123218, -102.60554748836005
22.77458535959552, -102.60603284244195
22.774629243600344, -102.60651819683599
22.774673126137678, -102.60700355154216
22.774717007207517, -102.60748890656048
22.774760886809865, -102.60797426189089
22.774804764944708, -102.60845961753341
22.77484864161205, -102.60894497348805
22.774880912197403, -102.60943139407837
22.774912810554067, -102.60991784890138
22.775032416146058, -102.61037552170569
22.77507705219299, -102.61085931517704
22.775115412778977, -102.61134522146769
22.775168104540448, -102.61182939091157
22.775299640680934, -102.61228833956037
22.775725448531624, -102.61226782069056
22.77614733080228, -102.61209906793712
22.776577092140318, -102.61195757992728
22.777012312565773, -102.61183498240199
22.777454233264372, -102.61174515342667
22.777901514743487, -102.61170602111231
22.778350039384033, -102.61172735641021
22.778787738825805, -102.61183744382129
22.779224687412196, -102.61195258548081
22.779661635915982, -102.61206772787776
22.78010132955029, -102.61216901991916
22.780543621813855, -102.61225671103755
22.780984133905914, -102.61227103346448
22.78113942530886, -102.61265489198462
22.781411333646915, -102.61304332821793
22.781683241044817, -102.61343176599962
22.781955147502554, -102.61382020532973
22.782227053020105, -102.61420864620825
22.78247172247823, -102.61461754233645
22.782711282235045, -102.61503027654149
22.782950840930358, -102.61544301219614
22.78317217707535, -102.61586656173314
22.783361811906083, -102.6163085653029
22.783462369324653, -102.61678392743235
22.783498026605475, -102.61726933660155
22.783468518453763, -102.61775444477094
22.78330918160373, -102.61821036088408
22.783134065944093, -102.61865957003512
22.782868569288148, -102.61905280935625
22.782530640179644, -102.61937329012933
22.782170351358456, -102.61966345654663
22.78176313742306, -102.61986708824527
22.781327880454285, -102.61998487194543
22.780885120067722, -102.62006374000194
22.780437989926316, -102.62002650614612
22.780003680698442, -102.61990016155552
22.77959061027794, -102.6197111241183
22.779217678874673, -102.61944031143605
22.778840700469523, -102.61917479631022
22.77845904317846, -102.61891691928888
22.77807738547308, -102.6186590437102
22.777705767595556, -102.61838467233105
22.777387061257397, -102.61804206870382
22.77699537197451, -102.61784756199158
22.776661043910366, -102.61812686830794
22.77642519273994, -102.61853541606983
22.776223914699038, -102.61897151819606
22.776038428654804, -102.61941577253262
22.775842737359124, -102.61985452645204
22.77562838365127, -102.62028323464075
22.775397279123464, -102.62069944652909
22.77514058042045, -102.62057879366148
22.775348605385727, -102.62014643533345
22.77555662918645, -102.61971407568728
22.775764651822616, -102.61928171472293
22.77597267329421, -102.6188493524404
22.776184934316696, -102.61841972155383
22.7763504888852, -102.6179744401083
22.77635438381677, -102.61749161495162
22.776277406916613, -102.61701585503076
22.776111950566694, -102.61656238208069
22.77589919660427, -102.61613449031836
22.775664794590018, -102.61571830762128
22.77546274558819, -102.6152838490151
22.7752860562949, -102.614835554187
22.775141212121834, -102.6143738636144
22.775058493759047, -102.61389454485388
22.77498974099563, -102.61341279429463
22.774932827635958, -102.61292903269697
22.774891406182224, -102.61244350826118
22.774849927109063, -102.61195805006221
22.774773903192294, -102.61147813235644
22.77465120481456, -102.6110095759696
22.7745505513181, -102.61053426845771
22.774482823207105, -102.6100527442363
22.774429443322536, -102.60956851086053
22.77437701436294, -102.6090841694641
22.77433654165374, -102.60859846738404
22.774296067474957, -102.6081127655921
22.77425559182661, -102.60762706408825
22.7742151147087, -102.60714136287251
22.773919012697476, -102.60694188842913
22.77346961449838, -102.60695853283843
22.77302084343105, -102.60698525010132
22.77257346142525, -102.6070342782679
22.772125161885338, -102.60707126779499
22.771684388362768, -102.60716058178829
22.77130408385597, -102.60701790986454
22.771036901858405, -102.60662566345218
22.770844043017, -102.60662104072577
22.77075841630792, -102.6070997860265
22.770672788171254, -102.60757853072657
22.77058715860699, -102.60805727482598
22.77050152761514, -102.60853601832473
22.770423745093165, -102.60901613680392
22.77036599818845, -102.60949976601104
22.770283266421597, -102.60997901689468
22.770197637446685, -102.6104577597519
22.770121608658656, -102.61093816672374
22.77005412821347, -102.61142010867599
22.769972259643815, -102.61189962383875
22.769635347037795, -102.61193188194906
22.769203195536985, -102.61179712516459
22.768774547678515, -102.61165020025578
22.768343988340714, -102.61151019581393
22.76791060407147, -102.61138018010344
22.767477219696946, -102.61125016521844
22.7670571131772, -102.6110835856534
22.76666763429988, -102.61084008562933
22.76630201670485, -102.61055896744396
22.76624861857758, -102.61010725131355
22.76636430712274, -102.60963618466984
22.76652071279068, -102.60918163065617
22.7668954550107, -102.60891818171238
22.76733104999396, -102.60880755443051
22.767747298169475, -102.60892055715281
22.76805912350651, -102.60926942440804
22.768387316319387, -102.60960278243736
22.768715508440128, -102.60993614206959
22.76904369986873, -102.61026950330472
22.76932797488182, -102.61062987439358
22.769733015728978, -102.61081988550771
22.770089449692044, -102.6107867386685
22.770174412686075, -102.61030785665083
22.77025423123136, -102.60982794196846
22.770332892794524, -102.60934779484099
22.770411552921733, -102.60886764716011
22.770490211612977, -102.60838749892586
22.77056886886825, -102.60790735013825
22.770647524687547, -102.60742720079725
22.77074045417292, -102.60695016492389
22.770839093169364, -102.60647437418328
22.77086399974614, -102.60598839445291
22.770828255252777, -102.60550226870382
22.770779514813295, -102.60501753532216
22.770878960662454, -102.60455287111239
22.771169371030282, -102.60418055032109
22.771466972142214, -102.60381501547876
22.771766512429444, -102.60345131679689
22.772050254424478, -102.60307299429857
22.77231072232624, -102.60267567332134
22.772536427962294, -102.60225419162647
22.7727625335922, -102.60183296274661
22.772975301790932, -102.60140333553207
22.773185159330406, -102.60097237237623
22.773310730829643, -102.60050488454415
22.77332187467472, -102.60002034126241
22.77329034378887, -102.59953386393028
22.77324281763725, -102.59904949061784
22.77316620840235, -102.59856894308977
22.773122173203415, -102.59808613693878
22.773270466501785, -102.59772379137296
22.773644245017294, -102.59759896125783
22.77360488799383, -102.59711315394863
22.773565529500193, -102.59662734691962
22.773526169536392, -102.59614154017083
22.773486808102415, -102.59565573370226
22.773447445198283, -102.59516992751394
22.773408080823987, -102.59468412160584
22.773368714979537, -102.59419831597798
22.773329347664934, -102.59371251063037
22.77328997888019, -102.59322670556304
22.773250608625293, -102.592740900776
22.773217784469484, -102.59225454356478
22.773188608858664, -102.59176791333148
22.773172498616095, -102.59128054910144
22.773156386893938, -102.59079318498647
22.773185912941518, -102.59030822003061
22.773245408452333, -102.58982483019234
22.773304902507594, -102.58934143993264
22.773364395107286, -102.5888580492515
22.773434901574344, -102.58837651817348
22.773513729820802, -102.58789639201105
22.773592556631275, -102.58741626529397
22.773671382005755, -102.58693613802228
22.773740999143534, -102.58645450937664
22.773757664542387, -102.58597151967604
22.773644541604412, -102.58550090263991
22.77339648162787, -102.58509455039727
22.773054013950752, -102.58478841942937
22.772642889989253, -102.5845931559054
22.772204475188424, -102.58449756598132
22.77175817724021, -102.58445085477277
22.771340379971587, -102.58428018996106
22.77102323011989, -102.58393747152567
22.770791851224857, -102.58352129992834
22.770581642624347, -102.58309037444899
22.770320565789344, -102.58269712584276
22.76996314975183, -102.58240909213028
22.769516809908044, -102.58234993849548
22.769069956112958, -102.58229926269117
22.768620317124437, -102.5822945296367
22.768171082922855, -102.58228572839263
22.767733051018226, -102.58217645952026
22.767344117694876, -102.58194282774025
22.76697293774881, -102.58166757073381
22.766590964087296, -102.58141254923781
22.766181276902184, -102.58121297879774
22.765765037557905, -102.58103267446904
22.76551073814533, -102.58063147613333
22.76538499735916, -102.58016998173873
22.76537266571157, -102.57968365737995
22.765376029005107, -102.5791960215824
22.765379390817802, -102.57870838576085
22.76539753067519, -102.5782211916467
22.765418940937902, -102.5777340951817
22.7654256539731, -102.57724651348582
22.765431600742133, -102.57675890650064
22.765437546030483, -102.57627129947299
22.76545785499571, -102.57578432285983
22.765560069652132, -102.57531506408523
22.765797840743097, -102.57490116620535
22.766096077596313, -102.57453670694088
22.76644269129403, -102.57422644887913
22.766851889029766, -102.5740254167967
22.76725504426131, -102.57380944069652
22.7676422048752, -102.57356183624317
22.768014038772076, -102.57329348050744
22.768291368826763, -102.5729098297112
22.76852588913022, -102.572493747887
22.7687604083554, -102.57207766463316
22.768985438179698, -102.57165570669528
22.769184709224216, -102.57121934347006
22.769257510856363, -102.57074460351357
22.769266821499286, -102.57025760378158
22.769133207288323, -102.5697929810395
22.76894578158235, -102.56934970032243
22.768758354652526, -102.56890642082263
22.76857092649887, -102.56846314254004
22.768390576344157, -102.56801644035428
22.768230334982547, -102.56756100226869
22.76807746396167, -102.56710238972816
22.76794195810558, -102.56663783173292
22.767834107182942, -102.56616450862244
22.767776508049483, -102.56568158337784
22.767715255462374, -102.56520026739466
22.767581630111092, -102.56473475135779
22.7674440842219, -102.56427085403591
22.76728397487343, -102.56381515837505
22.767071679510597, -102.56338702268812
22.76681265040503, -102.56298926299785
22.766538969623518, -102.56260233525002
22.76628677086551, -102.56219948372737
22.766053717030637, -102.56178244074069
22.765862023068504, -102.56134165290453
22.765675755307324, -102.56089784034204
22.765516552020024, -102.56044177737948
22.765357347437437, -102.55998571548052
22.765198141559555, -102.55952965464513
22.76503893438641, -102.55907359487333
22.764879725918, -102.55861753616512
22.764720516154345, -102.5581614785205
22.76457247401964, -102.55770101889286
22.76442446689157, -102.55724054594268
22.764276458443085, -102.55678007399081
22.764128448674192, -102.55631960303724
22.7639804375849, -102.55585913308197
22.76382354281971, -102.55540224074649
22.763658581589727, -102.55494859705422
22.763503761937375, -102.55449105586207
22.763371279091412, -102.5540251158895
22.76325694778619, -102.5535537506684
22.763208458788142, -102.55306932365146
22.763199144192942, -102.5525817865999
22.763189828117618, -102.55209424961487
22.763180510562158, -102.55160671269637
22.763199325201366, -102.55111963227398
22.763197489008725, -102.55063260001494
22.763251282328184, -102.55014846029425
22.76306762445128, -102.54972399928275
22.762671116628567, -102.5495012688789
22.76243389542147, -102.5491094126002
22.762283439765415, -102.54865049387878
22.762282922136773, -102.54826353912698
22.76269126981723, -102.54805936513092
22.762960682271544, -102.54775044905908
22.76286442648138, -102.54728482894286
22.762638742346923, -102.54686305634311
22.76241305710474, -102.54644128513753
22.762162140518235, -102.54603798107138
22.761892107243014, -102.54564816050139
22.761617350355237, -102.54526245753976
22.76133122157322, -102.544886284129
22.761045091910088, -102.54451011229463
22.760758961365855, -102.5441339420366
22.76047282994054, -102.54375777335487
22.76020510559346, -102.54336678051145
22.759955727559163, -102.54296101228876
22.75971120439321, -102.5425520805817
22.759497809568384, -102.54212286078467
22.759284413596482, -102.54169364232897
22.759071016477527, -102.54126442521456
22.75885772912762, -102.54083514651377
22.758654267341644, -102.54040029398539
22.758450804378327, -102.53996544275262
22.758236846802756, -102.53953674814913
22.75801258428343, -102.53911409901572
22.75778471332197, -102.5386938358269
22.75752696013381, -102.53829543034783
22.757233538062625, -102.53792593430036
22.75694011514144, -102.53755643984044
22.756671355279988, -102.53716681657227
22.756427216872, -102.5367574052957
22.75621316421044, -102.53633093807653
22.756147814464263, -102.5358497866823
22.756140000217908, -102.5353622537387
22.75614000123015, -102.53487463727379
22.756140000762137, -102.53438702080886
22.756118612643615, -102.53390047991586
22.756042750741923, -102.53342023532478
22.75595795102136, -102.5329413688308
22.75580942470386, -102.532482635381
22.755672885929243, -102.53201871128883
22.755552627096765, -102.53154885882047
22.755432366889945, -102.53107900717943
22.75531032307145, -102.53060975924431
22.75516291078273, -102.53014909317956
22.75501549717289, -102.52968842810907
22.754810883794253, -102.52925484378716
22.754599549777616, -102.52882444201515
22.754388214607776, -102.52839404157487
22.754177981765313, -102.52796313794325
22.7540413486842, -102.52749858427397
22.753987672742255, -102.52702145640887
22.754028473120766, -102.52653603527983
22.754129809531566, -102.526064432664
22.754324781527494, -102.52562673225839
22.75461840598544, -102.52526732338667
22.75496294222236, -102.52495445853359
22.755348550251504, -102.52470415495108
22.755467782641063, -102.52436595553004
22.755301523101426, -102.52391289732891
22.755138039997494, -102.52345876879262
22.755003114235905, -102.52299362542459
22.754868187127414, -102.52252848297546
22.75472890413085, -102.52206492476147
22.754577982721862, -102.52160559878583
22.754435902786494, -102.52114300643976
22.754296795436282, -102.52067931619153
22.754498374286122, -102.520421100212
22.754941661978535, -102.52035946861885
22.755346503770877, -102.52055421500431
22.755715071280616, -102.52083190581135
22.756113507599192, -102.5210521212448
22.756524647408327, -102.52124934897661
22.756949091648217, -102.52141034493471
22.757364974181943, -102.52159498705045
22.757777038292225, -102.52179017536331
22.758199180996204, -102.52195229515024
22.758640529352895, -102.5220369926219
22.759089491944852, -102.52206282946332
22.759535176919638, -102.52212752560465
22.759983071840978, -102.52213371823905
22.760355619506555, -102.52203335887651
22.760135092796823, -102.52160843170083
22.759959724694397, -102.52116341673921
22.76013614641271, -102.52077650737704
22.760543185913118, -102.5205692873531
22.760958643955192, -102.52058704336109
22.760932036155637, -102.52024022949655
22.760697227722552, -102.5198243619739
22.760462418212615, -102.51940849588136
22.76022873784622, -102.51899189850175
22.760002119090146, -102.51857072381317
22.759775499229587, -102.51814955052235
22.759548878264553, -102.51772837862931
22.759322256195066, -102.51730720813403
22.759101868611864, -102.51688224816634
22.758888784323975, -102.51645284889209
22.75867569888808, -102.51602345095773
22.758484484779828, -102.51558345407767
22.75828414649795, -102.51514840983803
22.75806431974839, -102.5147230288781
22.757844491872252, -102.51429764928744
22.757627282517134, -102.5138707384171
22.75742015444021, -102.51343793006393
22.75721302519705, -102.51300512302346
22.75700589478766, -102.51257231729569
22.757379428973607, -102.51236437422745
22.75721034233108, -102.51193068459688
22.75759023538517, -102.51172087182307
22.758008160392443, -102.5115409326876
22.75842608519813, -102.51136099245093
22.75884462799739, -102.51118283546649
22.759268422905627, -102.5110198375986
22.75970647558511, -102.51096781074395
22.760155216604147, -102.51099897337
22.760557729372724, -102.51078780754982
22.760956290314443, -102.51056782914974
22.76138017675715, -102.51042563087735
22.761759645058966, -102.51016413856144
22.76213191723219, -102.5098906323234
22.762526749526753, -102.50965767236279
22.762923422230585, -102.50942801939858
22.763325831524792, -102.50921081520268
22.763733335296862, -102.50900466625377
22.764146062559284, -102.50881180010424
22.76456533709978, -102.50863558312768
22.764858747919885, -102.5089155116767
22.76510324251791, -102.50932477464919
22.76546729735142, -102.5093775676507
22.76588772151549, -102.5092059118529
22.766302260855955, -102.50901700223402
22.766715752814143, -102.50882538520727
22.76712924454366, -102.50863376701982
22.767542736044504, -102.50844214767162
22.76796071135463, -102.50826269132932
22.76835655516594, -102.5080404571092
22.768771791354677, -102.5078546160768
22.769188930928518, -102.50767253139882
22.76960607029586, -102.50749044560804
22.770015960723143, -102.50728998997053
22.770425409759742, -102.50708841525346
22.770834858543253, -102.50688683932708
22.7712543583571, -102.50671196386207
22.77116269962908, -102.50629830192881
22.770979995298067, -102.50585270223372
22.77079728973028, -102.50540710373156
22.770614582925734, -102.50496150642229
22.770431874884444, -102.50451591030593
22.77024916560642, -102.50407031538245
22.770066455091683, -102.50362472165187
22.76988374334024, -102.50317912911417
22.76970793802852, -102.50273028269193
22.76953227594369, -102.50228136934182
22.769353011858836, -102.50183416280228
22.76916872835865, -102.50138933453603
22.76898444362604, -102.5009445074708
22.768800157661033, -102.50049968160661
22.768615870463623, -102.50005485694344
22.768434192866813, -102.4996087767549
22.7682536499211, -102.49916215098827
22.76807310573302, -102.49871552640298
22.7678925603026, -102.49826890299904
22.767712013629847, -102.49782228077646
22.76753146571477, -102.49737565973523
22.7673509165574, -102.49692903987531
22.767170366157735, -102.49648242119675
22.766989814515803, -102.49603580369948
22.7668092616316, -102.49558918738356
22.766628707505152, -102.49514257224894
22.76650745294927, -102.4947071966453
22.766719314689766, -102.49506064899045
22.767008289847357, -102.49514896193924
22.767386730426978, -102.4948855894387
22.767765170574584, -102.494622215478
22.768143610290185, -102.4943588400571
22.768559251913413, -102.49419805378284
22.768922348473286, -102.49394374346974
22.769222463152676, -102.49358150459982
22.769534897746624, -102.49323078659253
22.76984733157445, -102.4928800669798
22.770159764636137, -102.49252934576157
22.770472196931664, -102.49217862293781
22.770784628461023, -102.4918278985085
22.771041526002097, -102.49145712289875
22.7709897944704, -102.49097276232456
22.770950825511182, -102.49048692766776
22.770911855081753, -102.49000109328837
22.770872883182122, -102.4895152591864
22.770839280539, -102.48902900361944
22.770813314718495, -102.48854214845876
22.770802621214244, -102.48809930101031
22.77120265549397, -102.48788884822244
22.771584032478273, -102.48763049757227
22.771965409046828, -102.48737214547833
22.772346785199627, -102.48711379194062
22.77272978150371, -102.48685828704195
22.77311386564795, -102.48660469460135
22.773497949391594, -102.48635110073346
22.773882032734633, -102.48609750543818
22.774292317797492, -102.48591845483504
22.774626150445606, -102.4856007739
22.774993265589707, -102.48541782294184
22.774809331900546, -102.48545080200381
22.774483812969343, -102.48578264419666
22.77411144796183, -102.4860560265078
22.773736639246422, -102.48632529119817
22.773353030049723, -102.48657972898884
22.77296942044976, -102.48683416534921
22.772585810446536, -102.48708860027928
22.772202200040063, -102.48734303377913
22.771836095108554, -102.48752418220877
22.77162543053411, -102.48709349736619
22.771423029196125, -102.48665802253308
22.771220626676918, -102.4862225489915
22.771018222976497, -102.48578707674145
22.77081581809488, -102.48535160578287
22.770467626294362, -102.48533047989243
22.770049183676004, -102.48550901508099
22.77011707887823, -102.48594076863574
22.770303075847746, -102.48638476040152
22.770480780125265, -102.48683258568077
22.770647271086084, -102.487285594291
22.770813760768657, -102.48773860400631
22.77101676015677, -102.48817334029813
22.770700943013733, -102.48845546181795
22.770398701965235, -102.48881627038578
22.770088446723882, -102.48916925882898
22.769778190706447, -102.48952224566756
22.769467933912956, -102.48987523090152
22.76915767634341, -102.4902282145309
22.768847417997822, -102.49058119655575
22.76853715887621, -102.4909341769761
22.768226898978597, -102.49128715579195
22.767916638304996, -102.49164013300333
22.76760637685542, -102.49199310861027
22.767305025282447, -102.49235497072947
22.76700658272503, -102.49271973373116
22.76670543266656, -102.49308182732187
22.766399058139903, -102.49343877063927
22.766092682819774, -102.49379571235464
22.765786306706197, -102.49415265246803
22.765497055603593, -102.49452583111733
22.76528108062818, -102.49495354867236
22.765065104513504, -102.49538126487421
22.76482628230227, -102.4957939052141
22.76457527951962, -102.49619850728551
22.764324275717527, -102.49660310786933
22.763938690600092, -102.49684251233674
22.763528805452832, -102.49704303233247
22.763118920055184, -102.49724355112436
22.762711553051197, -102.49744980831515
22.762361811007636, -102.4975468500088
22.762279941313825, -102.49706797009036
22.762219920329887, -102.49658469548838
22.76215989789164, -102.49610142131124
22.76209987399908, -102.49561814755896
22.76203984865221, -102.49513487423155
22.76197982185105, -102.49465160132898
22.76191979359559, -102.49416832885134
22.761859763885845, -102.49368505679857
22.761799732721816, -102.4932017851707
22.76173970010351, -102.49271851396773
22.761679666030933, -102.49223524318965
22.761619630504086, -102.49175197283651
22.761559593522986, -102.49126870290831
22.76150587596223, -102.49078465449145
22.761464398062824, -102.49029909795362
22.76142291869538, -102.48981354171076
22.76138143785989, -102.48932798576288
22.76136791749024, -102.48884353634718